55 273
97 315
59 277
106 324
47 265
87 305
41 259
50 268
21 239
56 274
85 303
65 283
90 308
62 280
54 272
8 226
11 229
81 299
105 323
10 228
24 242
7 225
111 329
40 258
12 230
77 295
16 234
26 244
23 241
14 232
72 290
88 306
17 235
3 221
70 288
32 250
46 264
89 307
33 251
49 267
69 287
104 322
15 233
78 296
110 328
2 220
53 271
98 316
92 310
86 304
19 237
64 282
43 261
35 253
52 270
44 262
102 320
9 227
6 224
13 231
95 313
4 222
0 218
67 285
1 219
29 247
91 309
109 327
99 317
80 298
5 223
31 249
63 281
103 321
51 269
45 263
93 311
68 286
34 252
94 312
66 284
18 236
61 279
25 243
76 294
42 260
30 248
48 266
22 240
38 256
83 301
84 302
74 292
37 255
39 257
73 291
57 275
58 276
75 293
27 245
107 325
100 318
79 297
101 319
28 246
36 254
71 289
96 314
82 300
108 326
