1861 64163
2187 64008
1480 45262
944 63682
1082 25283
909 38317
1656 45351
1187 4546
171 1241
86 48634
1884 53983
1742 36645
584 43284
1190 53516
2481 53218
1970 29564
2030 18418
1524 49333
2497 10451
532 3765
1651 18695
674 31393
1660 39229
2538 13096
1498 46299
148 38562
2295 33577
590 51553
1330 54210
1165 44881
1515 35132
304 17108
1342 10867
1662 31411
1310 50323
994 8056
2615 57559
2373 9959
2386 13435
240 63577
1954 44542
2101 26860
1329 48252
750 14753
1311 25091
1214 8939
1321 16132
235 51626
2176 53265
695 60419
1818 50298
1053 46369
607 1055
2604 45177
1630 29036
1855 56428
617 39976
1491 2161
352 17040
1567 22729
68 16374
1946 60354
1832 34002
1100 18922
1055 14
2531 32267
333 59763
336 53327
1327 26844
1382 15190
424 5194
1912 25016
2008 13741
2326 35843
112 16346
274 13907
2478 59778
1534 21565
2397 20199
349 17974
1747 17986
1314 60603
1142 1521
389 35303
21 38975
33 55553
256 816
1545 34956
1264 293
735 54231
1773 5702
1508 52556
603 45459
928 61502
405 7720
497 18140
1037 36209
437 58227
1176 50378
119 23195
2390 22990
2411 3595
1154 18542
1446 44546
1205 35556
1715 45275
161 22806
784 54977
2220 58174
1462 62984
2334 14858
91 23737
926 27289
1894 37091
759 7951
1688 52317
1548 52353
2575 33075
1404 48623
670 34485
2171 25335
1982 57601
2354 8820
1628 28756
1352 49286
998 56172
493 23657
381 23013
1391 11384
791 6795
1226 2655
2609 8769
403 61321
1281 43793
2340 2128
449 44791
2126 62929
1735 15289
1241 4716
1213 47147
1159 44835
2560 2887
781 1461
801 20029
1088 50321
1857 37034
1573 41702
442 30128
1211 40192
1537 56693
942 10963
1834 5869
1843 4585
1269 24021
1423 2195
1902 40825
198 44003
1200 36937
1546 2326
1819 62815
221 5555
225 32718
204 8178
990 52266
1280 21224
1107 16996
1777 37391
2184 59998
101 9845
118 63910
1774 27401
2435 52850
495 39799
1249 8398
936 26901
307 2509
43 63635
1254 17625
2579 49443
2614 24194
1510 23877
754 31572
1233 23180
1932 50737
775 25702
1454 7905
501 9519
1140 45553
95 20258
1592 56204
1110 35462
212 63200
2107 10139
792 17599
589 10611
1487 47824
1111 17855
788 28789
1392 37809
997 41759
1235 52688
2517 19180
1522 53419
2293 57380
837 25574
2563 44470
464 5737
1547 63803
1607 58152
1494 35507
2152 63933
692 55447
1492 62913
1336 14554
1451 26223
2186 14595
1207 20214
1138 15380
888 14565
593 34949
677 3716
1790 55615
395 39150
1007 19062
1162 51169
867 12061
1161 42961
1594 21786
1073 11028
2303 15620
2020 4798
1890 34389
283 13398
516 61266
1143 50675
1095 35868
2527 55260
1868 53757
2309 15345
1025 50621
914 11853
1544 8379
54 50156
1519 17415
1028 26913
2323 58990
544 35400
1317 4701
2019 62683
1854 59187
1421 7606
1011 21272
2437 6958
810 43330
238 44328
178 23036
956 1626
875 54254
69 12154
1719 53931
733 32111
1268 15841
895 45178
2222 45864
703 12263
380 38543
1810 53399
1208 53145
755 17037
1300 36476
2553 18271
30 62918
1130 44550
1163 18970
200 46954
203 9786
2384 32288
1601 34635
2246 28530
1528 41380
1849 14321
1785 7374
369 60565
1426 11975
168 37110
814 23844
1116 60118
1483 50642
149 60267
813 56787
1180 18705
1234 12642
1996 40619
2262 13380
626 51609
2474 19592
615 55320
1888 33692
2135 56521
1239 9716
1132 47433
2587 8003
1133 16835
1375 568
2518 56735
1218 45739
512 11042
1320 15156
1708 34046
2305 10059
323 43011
1951 58099
565 9698
1679 38001
1040 49296
2129 60606
1230 37453
1448 15735
485 44266
1298 19158
1737 3287
355 42298
1152 39992
1997 25523
2219 8466
1953 26107
904 33719
492 38780
441 10912
74 51641
2549 1151
2467 9802
631 30952
701 30936
44 42326
1223 8479
448 32580
335 19224
1474 58256
1591 40852
498 57721
187 45743
817 30165
2568 45368
2276 1877
513 21851
1051 48254
385 26759
301 50766
826 30351
1044 34047
192 13744
46 54596
1442 62882
471 53887
2533 60784
627 25771
1750 12964
2371 709
1164 33380
1821 53275
1901 10507
763 25655
386 61111
1616 23708
2424 26785
1990 50895
2490 11134
1817 27315
844 51090
2193 18279
1707 40377
1677 27776
67 20322
1094 34708
883 29969
390 46193
668 11223
2290 18400
753 37588
922 5173
651 2512
853 7260
1966 13073
2180 47820
1289 38256
725 12742
768 26448
1229 11006
1456 48064
144 20704
1236 63369
1059 39919
1074 47844
446 37628
2122 12894
2159 41288
334 17280
1424 30906
1057 31053
1136 7513
457 52036
1188 9939
1001 23835
1815 7046
1290 5131
1209 54508
246 23500
1304 41232
1792 55108
1458 11210
2285 12603
1691 63426
1837 45982
72 35045
1828 29277
518 59157
1335 14213
1665 11275
685 42234
143 24182
1963 26608
2078 543
1399 47322
959 295
1622 16547
843 61679
1621 1825
27 60001
1755 54287
838 61948
1066 21453
899 20194
2564 7529
2440 55964
1643 35434
2581 23578
456 59601
2291 493
547 20149
1731 62344
1313 63494
2310 25211
1419 32611
1959 35791
789 26050
1686 17369
1493 14123
2361 56541
2524 15400
1374 48912
1873 26331
713 63389
515 57630
521 14632
2040 25210
669 56347
2395 26463
608 28961
1756 4132
530 22680
243 9097
851 38381
929 6430
404 38882
2380 39384
1905 3939
1347 37631
1296 57954
453 57384
2574 19840
1490 12871
2408 31742
1587 23800
846 57653
231 819
1120 50577
85 21842
2401 50885
574 35130
1265 46096
613 1818
2375 28041
1811 1033
610 10890
1669 46881
1030 32530
2388 59797
872 2834
1802 53701
1326 35793
1386 40684
93 7274
258 29415
2534 9400
11 46616
1114 18013
2446 45144
314 38076
1801 45909
392 40086
499 62889
366 35315
2302 61921
2167 24776
976 31754
1431 60363
2429 61312
1781 45168
2189 97
818 58429
2413 63120
2045 55313
732 17084
831 63149
2256 22756
1171 36798
1091 57684
1530 23431
992 14749
4 4991
1570 5698
2298 30689
862 40419
2519 25395
1876 34808
2369 24983
2486 54050
540 38576
193 26609
524 59685
1998 41865
1409 22928
2046 7071
659 29184
1412 38691
575 34737
912 9669
1918 47068
414 33209
1288 45648
2466 58131
47 12716
1004 38759
2231 51629
1228 3244
566 49814
1865 19799
2322 63336
1333 63776
2281 40188
919 31888
1389 17730
1381 44151
1936 3078
1202 44817
1674 6281
486 9139
1612 50550
903 25436
1029 32999
210 5032
1417 6792
1410 47266
2022 18326
1586 33525
2060 37987
1615 56956
7 58885
1445 12505
921 16613
740 45816
2073 1517
106 41695
2343 63839
1323 4351
415 49343
738 62732
1760 23889
1129 21902
1050 34331
39 2563
561 37894
259 3744
480 42834
2500 34733
1706 3876
2273 10744
1046 54640
689 29227
1701 44224
10 26207
1550 32303
2010 23315
195 18730
1836 1195
1716 22493
356 3205
1023 22731
117 60637
635 11242
2074 59850
2572 33669
2277 54463
1433 60506
271 18398
654 45738
2096 40797
766 6300
16 32260
1217 26178
2358 12684
1334 10773
1411 32473
2037 37752
720 33680
399 54465
772 38426
2368 63943
1396 713
704 32776
2349 39736
797 3128
263 2657
546 62331
1367 13063
1608 6235
1833 58802
302 6454
2321 37458
2436 61835
432 22470
1923 13622
815 18149
1525 38987
26 53780
2596 17592
2301 52265
913 50105
1693 58163
2341 11482
1104 44246
1985 41766
362 51537
1376 49864
196 46744
1871 14016
2017 52320
1341 31949
2458 46644
1048 16762
1942 6738
991 28184
160 29067
1203 37005
2098 20236
2316 52986
250 191
2278 18076
640 61686
1650 29140
730 27013
151 33230
2598 39695
2344 53752
531 52292
66 14340
517 32680
132 46004
1698 37800
417 8098
1712 27270
2216 28828
1541 10645
1909 61931
1948 33463
2320 21956
2498 37872
675 33970
2185 20657
1388 16234
2248 53911
1798 38179
2266 28831
2238 58902
105 53957
2600 4303
384 21463
1305 43350
1125 4154
24 43831
209 7518
25 16350
375 17140
1345 33646
142 372
1899 32909
1717 806
1031 24004
638 17927
1068 20020
1033 58135
2077 8714
1775 46066
645 31806
1453 57953
1728 57579
229 62377
1762 4386
1438 8468
999 5983
2086 29605
272 2219
842 44986
1791 58498
719 63403
1151 37465
1439 44214
434 28876
79 48134
832 57312
678 50915
49 34920
1106 5042
1950 48485
466 15242
553 3557
1397 63432
2505 25637
1629 42755
164 27764
1360 9058
2315 36620
920 31057
1734 2457
20 37223
166 35047
364 53040
2363 11551
845 35727
1370 59393
1543 25994
1551 13263
1418 46318
1647 17391
1308 18857
1245 41505
1568 51697
1425 62363
1738 27460
690 26049
360 18611
673 38353
1555 28296
1938 26578
141 14825
17 44402
1807 49477
2058 31220
1240 51297
1709 41718
1979 47720
2056 61069
1904 38863
1172 52678
1071 17301
218 9658
2138 42143
300 19965
406 17124
684 55402
1108 56225
1969 39822
1502 21733
2239 52807
764 32500
952 24171
1368 57134
963 31921
514 12890
1995 13
757 13583
1720 4884
1147 57457
472 40006
378 33724
2479 30326
729 28509
1655 43293
322 9291
1678 50094
709 55424
248 5152
1714 19199
2021 23137
2580 34641
557 30190
1390 12627
2370 26879
636 58687
1589 49066
1973 14676
1726 22188
1588 30318
1062 44090
1414 52634
1049 6560
1500 56310
2275 58021
288 6551
2261 59648
712 14814
588 2938
1581 46628
1455 63381
2212 21032
1238 13843
113 16964
422 21087
98 49356
426 47175
917 5930
2556 17154
2480 46437
1891 56808
898 31828
1767 36751
2493 9741
721 59825
73 12959
1924 48805
1664 11258
131 11758
1840 53104
2026 63377
1771 24039
1318 26403
2201 50717
1319 54315
1913 25429
2383 6754
865 17511
1408 37526
474 62941
1640 23976
824 64109
1484 7884
2125 26483
2292 51734
2036 62112
770 8744
1682 64229
2542 3192
2006 60624
308 2805
2359 4493
2578 22305
1907 58938
1331 61858
2392 2414
409 10016
2178 20642
455 11543
289 63901
1123 18833
1710 53908
1796 55719
13 49869
265 30002
488 4663
1284 36026
2075 50014
181 63305
1248 6819
1437 20740
1090 31902
1182 32601
351 24352
1711 13129
2028 4262
1972 41389
2175 62800
1042 57483
1349 48888
1081 57588
1799 25640
2308 2552
1070 22163
633 5563
1672 11173
1201 61763
2183 46750
6 38997
1295 50873
1020 44845
1322 27651
1373 5118
619 18709
1179 40077
698 3616
983 33369
1039 55539
1076 55730
860 25847
691 57444
2042 10708
123 1829
2055 54226
1574 27843
459 42880
1699 5356
2300 28437
379 23228
2015 40508
172 32213
2160 53480
982 53363
1325 18372
570 15455
19 58009
2113 16129
2495 55562
489 49895
1102 179
2052 11268
1681 58759
2417 57773
728 34234
538 61585
2199 42490
1780 37571
2412 44836
1199 57701
805 35236
1748 16635
2182 3289
2312 4305
435 15827
223 27368
135 60820
1975 17397
2283 9091
1489 10778
1339 27060
341 16687
1919 1052
885 51866
2099 30372
2379 17780
309 17077
293 35082
2555 48619
211 39931
624 45616
2224 35861
595 50757
2511 37160
1878 46457
2539 34044
533 53838
2463 32695
947 31783
1964 56281
1880 39947
2415 48138
1944 1750
2317 58407
124 10483
1338 15839
1043 6016
612 54367
2418 9846
370 34130
828 42599
1532 33140
1270 2616
1015 35679
1702 40404
2399 6003
2548 51511
625 22467
908 13431
1740 5315
1287 7728
1557 16390
1947 10333
1369 51676
761 22910
2350 48676
1302 14952
173 45439
1809 1237
1602 23845
157 16264
1908 45269
556 13359
1365 54028
1216 57585
955 12515
1010 37839
174 32237
562 1043
2377 6472
388 28914
857 26966
1724 16722
2039 21551
2141 22382
2448 5615
1722 33332
539 10578
291 30287
1224 57499
1940 29335
1293 57866
1471 12302
536 38251
2332 14778
438 57520
1558 46017
1769 4321
2221 60908
2445 41457
2286 11963
1348 21618
2319 39065
2318 13064
1634 33758
97 13730
1099 46648
2523 51433
910 1557
306 24422
1805 22048
1460 18434
1220 50848
1427 11359
1468 7904
1047 12270
2228 62452
396 44159
1395 32457
1422 13322
1407 43981
1575 9414
868 62728
1198 45176
1036 12006
1274 47805
1065 33082
62 22640
2460 27615
748 2050
82 61019
2545 4718
2144 22973
1512 20140
2351 30150
2089 59363
2362 51750
1846 10387
1378 30879
2289 63843
587 21128
1283 54689
1848 52886
2260 34773
1135 32760
642 55492
1340 53973
2269 32137
2400 31493
1092 12464
2590 6664
2102 720
1145 45693
1509 24890
261 57247
2132 27508
1571 18777
2421 26315
1266 34770
2509 1509
2297 52748
285 15320
147 13221
468 38390
774 23238
245 38218
2299 42242
1372 37647
2188 1580
1022 50160
1605 60417
1150 59315
2142 28434
1089 21649
2434 28891
377 32562
2165 45789
1511 33156
717 37434
1764 10448
232 14393
1261 36952
621 43804
1156 15938
1148 13121
1063 41628
2071 49566
1118 40698
2080 25394
629 39503
2209 45772
2304 25684
1134 16
340 37787
1847 60168
2613 29933
170 35935
1928 61749
387 3234
2502 21135
365 19738
820 9595
1729 11850
2477 51583
1479 63011
2601 24165
558 50167
2522 36693
1539 61590
2092 13143
834 53543
1816 4146
1124 39107
1267 7459
1506 57875
591 52045
257 22575
1713 46144
2110 27273
1122 40496
2069 58239
1694 20944
2484 22939
1987 24344
2206 38030
233 9053
773 4443
949 46043
5 12443
1727 34439
1844 62846
2244 6025
2136 33797
2595 46834
254 32386
99 60230
863 7066
876 10603
111 29191
2211 180
2083 49417
752 59002
2267 18319
1536 20480
94 27593
1430 17854
1324 36549
1279 58522
726 12985
2168 10690
2324 55398
799 30108
1452 41090
239 52795
1689 5195
298 54631
555 62877
2053 2517
916 35089
937 14499
746 34282
957 48028
1603 63989
1488 1852
1061 54978
1920 38545
419 46492
2546 50971
2250 28761
2215 41974
408 10637
61 29989
175 22137
1032 22510
494 55269
1351 2058
1243 61156
1481 11043
1611 31342
2294 24728
2072 34382
1593 44182
2140 23907
879 27978
1623 45634
247 25
964 32935
892 62873
1006 12634
1401 37650
829 27463
429 49402
286 56526
1831 44066
282 31052
2237 63630
383 33223
371 57528
1852 6409
1197 8831
310 30308
1577 22984
2348 25910
2166 25417
191 40936
2551 48799
935 2308
1503 22121
1115 6428
905 39230
1434 55268
1332 2838
136 9299
1403 18587
609 26246
1141 48725
1459 45724
1476 7222
884 23392
2514 26672
311 21298
714 31257
134 5114
431 742
1276 50922
1212 27781
1789 10934
1659 11170
1765 24185
776 13722
1246 57211
2475 7522
2118 20385
1227 24211
103 15568
1875 7025
2233 39072
363 42372
2307 32942
592 57125
2520 25635
465 2528
1447 62583
2314 13937
2230 44644
1398 54796
1542 24884
2284 23389
869 6334
769 58421
1822 43516
594 47310
687 38387
2405 17782
102 36988
1794 59808
2116 36174
280 36053
2139 31209
707 10972
1232 42869
535 16218
1977 28385
2611 59088
22 36546
1538 41489
836 39602
1215 15365
706 24305
2146 32455
666 59037
1642 28133
849 11111
1026 11638
1556 36815
525 27688
382 63185
639 31456
1779 37608
522 18640
543 55113
550 9561
1131 9951
1301 57240
567 15775
2398 38497
827 19614
290 54001
2009 56709
2456 27453
1606 29525
1482 46092
2066 53395
649 5647
331 28177
2084 12366
2210 14456
445 18696
2282 23081
658 44376
2085 5221
2471 46688
1507 35562
139 46128
1600 29289
2455 56291
107 19496
1563 59625
1262 40043
338 44141
41 13005
1671 24560
1877 38815
1668 49704
55 18657
502 13508
2530 13864
80 22948
548 37994
1576 10785
2234 42694
1610 63417
630 23312
125 32403
835 46940
413 57486
1812 35580
870 18744
2586 59346
1620 1181
1793 27387
1072 561
1961 63519
2387 15157
2143 32685
681 19513
2535 40174
1978 1322
1897 63962
463 7628
858 33050
653 42976
806 12503
2607 35102
2366 45518
201 5335
500 58877
2328 56144
749 12042
1315 13947
2504 7934
941 46287
986 21558
933 2523
1768 40778
2540 32585
1983 37103
1596 29836
597 52572
57 10170
433 14974
790 1983
1166 1899
2105 7265
1385 61391
1786 4263
1627 46612
372 1440
993 10195
2432 19864
2597 5579
1080 16610
1191 31666
1652 47641
264 38561
1690 15252
1244 51847
887 54333
1097 40758
208 20043
1560 8133
1813 15125
1149 58874
634 54301
1428 64228
2501 12710
439 19107
1552 18237
2594 22338
560 34912
1291 48190
28 17772
2414 12455
578 34798
1903 18266
1516 11847
2513 60244
1795 38355
930 47502
1988 12072
1697 47874
2064 45844
2529 60188
114 39088
1204 12926
2062 17947
1646 30169
1432 23262
2331 50522
458 45999
839 7397
276 5494
473 38268
287 62296
2468 46429
1751 56460
236 38660
572 24684
1195 20496
1830 7089
2450 58383
696 7548
715 45324
36 51099
1993 44280
1763 12739
1617 9657
1874 22516
604 44179
2252 55696
51 6381
1965 9267
2061 42308
1464 62072
523 2432
644 34346
2232 44375
724 41458
490 27018
1962 31327
1788 4540
2367 26184
934 32858
1078 29283
496 52389
2311 30101
475 17718
2023 22068
840 3822
1896 12683
1475 53867
1745 21060
1860 2875
848 46097
2571 49818
2427 27412
897 49182
1371 62485
864 26115
1346 39433
266 31582
2104 14219
1008 39221
564 48430
2403 12007
2265 29506
1585 50696
2002 10796
602 60568
1139 8310
1394 28709
1173 15111
127 22178
2229 8257
1520 49524
641 42573
978 40215
451 27661
1380 17713
554 58784
1194 44036
1554 26143
579 54147
2264 26626
1867 32430
2406 57624
811 27456
504 29640
1255 35874
452 32571
989 52054
996 14659
1684 40907
251 11640
2355 44385
154 29920
1733 56705
337 23625
1256 51633
1911 53278
1485 31277
0 16627
2033 2081
2043 55421
925 23616
1746 21028
1757 50814
508 18446
2154 42500
230 18655
950 31237
428 166
2127 3148
2547 46581
800 5712
2108 15425
412 851
960 27440
541 37960
1359 18976
2506 13968
2422 18275
1271 29295
2007 41632
447 7552
281 38045
794 38773
787 49287
927 14371
1856 4247
2005 27470
2335 21491
126 60281
2240 23040
671 39754
361 14310
1518 2706
2338 18727
317 15066
1069 28206
1583 55395
420 14348
2208 28180
682 61844
224 59265
662 23539
228 49923
2268 6353
1980 37320
1307 4810
2013 41711
2091 35990
1168 17874
672 64146
1250 56116
1084 43711
2161 30940
969 23725
1495 19971
1469 50112
430 16666
2251 37984
1939 48642
779 62614
1626 38058
850 62821
1619 13877
1704 33308
596 38518
1222 47993
2241 23981
1449 35388
2000 40641
38 60342
1915 21460
977 47016
1759 483
1045 28620
664 31981
1470 63877
1259 26088
854 62213
9 45049
614 59656
1294 5296
1957 45096
1210 34190
2169 59029
269 18800
2577 61565
970 27511
184 59823
1937 21237
915 63778
2245 63386
2029 17066
427 8452
179 40414
2016 41230
981 21107
2457 16366
582 27830
686 52945
391 22014
758 39381
1695 49622
1882 8112
71 37725
275 22760
1654 28136
2076 50835
2271 13736
2038 42837
2552 9014
569 18345
1926 51702
227 54521
2507 1001
1278 7574
1598 34304
1933 56025
2528 32033
2049 40394
1723 24184
1910 49744
1002 61651
716 23207
305 27202
710 22840
1761 53234
780 56176
2134 44136
279 56201
1126 52075
1383 16205
1354 6969
509 10226
676 30721
1429 54035
1312 50961
552 19174
871 16357
2226 18615
2150 63119
1478 61559
1752 241
1653 42290
2557 22286
1533 41954
2011 664
2200 46857
1521 18278
1175 58033
133 59686
416 24209
1667 28668
1067 11407
487 11329
162 9765
1718 28957
809 52271
1041 43229
2147 10194
1101 34529
2003 60387
2433 27822
2130 6665
2163 33975
577 2602
1883 19441
878 63475
1005 2004
1770 24414
1618 7492
647 43833
680 40022
1221 20528
2473 38995
951 29376
138 50114
2051 47504
877 54770
2032 29658
358 5562
120 45055
1614 59692
980 6638
694 13336
268 26881
1599 50958
1898 41773
1344 63065
2521 62389
2352 36184
718 17039
1956 52531
1806 36293
2503 45723
2543 41094
2329 31020
2235 15454
911 40808
15 3190
1559 38352
1858 63751
1038 53178
450 28005
778 14931
75 17864
747 8134
1705 27283
873 21816
891 55054
907 28847
2270 34934
938 40206
299 56306
1486 32392
1083 7601
2402 61311
2162 31093
18 40332
727 38280
1645 2577
1641 46456
2381 38552
1443 49977
2525 27048
402 24481
357 39884
1597 38678
2364 46354
807 37539
705 13715
2014 63031
620 36917
368 42327
407 53691
1064 63204
1440 5103
440 46634
1400 11331
2554 3558
1112 33222
84 2868
1160 30352
2034 10258
2025 40716
1242 54636
1572 61432
34 55216
665 33028
315 37441
2203 58524
979 62736
2606 12390
2416 60251
1826 13482
1441 16386
1504 62677
89 5948
2515 62619
2605 2380
2103 50197
2079 5386
1604 33617
1366 54674
1753 14365
667 9709
116 42297
1590 53044
273 10788
1721 9046
2593 12897
2499 63001
158 50680
1639 7206
1658 25007
742 52833
2327 18320
796 45674
37 11908
2333 63261
1121 20985
1578 23939
830 46056
2426 52089
2004 4107
637 34045
932 55845
260 50530
2068 52438
1929 30149
1535 10035
2255 33858
923 28935
1384 18609
70 38838
58 37918
1087 39111
1632 42226
2287 14331
1808 39394
1263 2681
197 55673
918 34353
2441 50751
1863 1621
1758 52335
1941 19345
90 43168
1252 27555
583 13320
2153 10998
2391 29758
2100 16522
249 13127
1093 44464
652 43264
722 23854
1158 31984
2214 1563
2464 58307
1823 24291
833 36983
2516 10017
2444 37273
1513 38239
1350 8852
2541 22397
12 27639
571 63337
1800 63998
1670 54057
35 736
2296 64252
1103 48586
1825 20916
1019 10378
611 31398
1436 26148
2133 35696
1497 52560
2602 350
1523 480
2508 34105
974 51754
2491 61448
1949 34166
946 31631
2243 18680
2410 14934
237 3615
2469 35144
2512 41374
586 53152
1309 6673
190 17458
841 20453
988 3052
1012 53442
2263 10617
1034 18404
2012 36713
1086 49300
1225 12196
2207 40341
50 36942
1035 12975
130 9413
2121 16718
2461 2995
953 18974
2057 39280
1117 11131
2097 47431
2087 48189
1787 845
320 19991
744 26006
491 62038
1999 44980
777 50362
397 2300
549 36685
1017 8339
1804 17096
1885 20292
423 52451
1631 5481
902 19657
140 58484
2247 43317
1797 47120
1638 37898
1461 19000
585 38105
2346 54044
1027 24729
400 7044
803 23930
2476 14264
760 27778
2088 62478
2536 57073
2218 14364
2106 51307
1675 19902
1119 32912
1562 28232
1420 12930
1466 42086
2213 22536
1687 23813
2151 46306
618 60337
995 50420
234 47739
599 60996
1257 63304
2470 63410
2249 6288
1379 23134
1553 38493
2279 25603
1881 11336
852 12171
1077 11905
1696 32559
2482 1698
2566 27721
2357 44705
461 6044
1743 3762
632 31478
529 38705
1273 41742
2583 60231
1253 32554
601 46964
241 45056
866 61629
2227 30000
2425 17479
1703 32523
1514 3997
2054 17170
1353 12010
1499 17943
945 45958
1676 3153
374 56983
1157 6838
802 63067
1393 23785
542 39223
1930 58870
2093 7698
65 36023
482 60804
367 21336
1153 15468
1109 9631
1921 2179
2070 13873
1609 38377
213 11090
292 36435
2407 46580
2280 28097
185 50977
297 33641
1405 6260
1829 11839
2447 21309
1859 49284
32 3750
1277 3459
2109 21949
2001 48578
2382 29765
2494 34781
616 37413
856 10738
56 3408
2419 52401
954 7355
2565 54174
2149 49672
511 2121
2067 34306
2164 42129
859 26191
1416 24558
906 35785
1247 23369
1582 13943
1517 7285
1477 37770
822 59931
296 56875
354 31370
600 31289
8 16621
1842 7560
1056 3533
1673 1605
2223 55569
1258 61006
1824 17031
339 15267
962 60878
2124 14379
1613 32451
2337 56032
527 32599
2259 61480
2409 35768
1181 11058
1994 56835
2454 49584
182 37919
2313 24789
1 63691
1851 29044
1967 37605
1183 29470
2047 5536
1496 23476
1782 12433
1009 48150
1887 32077
216 14534
478 53947
214 61497
443 27184
2452 37291
795 43203
737 42142
924 6775
605 9498
29 23471
1137 26916
2274 37353
1297 25608
2365 42325
180 1692
1766 56495
2376 1826
2559 27362
971 11886
1663 47064
1328 55529
559 7582
1820 55680
505 46433
129 36727
2181 16909
1649 12750
2202 22255
1549 40093
1444 9843
1260 14822
401 44728
1167 27081
660 19535
2258 58291
1189 40839
1879 38911
2082 50313
1299 3011
1170 54383
656 1408
1467 38749
411 60797
1185 17317
1981 18476
177 31773
1772 384
743 50907
2404 11068
2090 40988
1177 24429
943 11389
1415 36452
1725 12346
150 44670
2431 33379
2483 57739
756 12804
2094 53637
1473 49234
881 33515
573 36374
1178 14415
1531 30616
206 17683
1237 15288
1984 48841
1872 54481
156 61429
973 50248
87 2773
1561 45266
1692 10167
163 12570
1024 39417
1580 1739
2360 108
1749 41392
2573 37817
48 61164
2356 22097
2608 28440
110 36491
2119 40502
646 43215
53 45114
1105 22885
1906 40385
2591 39604
421 37362
1886 63247
948 3696
657 22340
1231 42551
880 6515
968 2891
1058 30228
40 38927
1754 40665
1657 11076
563 18926
683 61944
1803 21365
1584 28111
1363 26840
519 50886
2372 27585
825 41560
2459 9402
1680 17038
2345 56441
1916 27784
476 54131
697 46009
1377 50973
1540 33582
1892 46250
679 38053
2353 55740
1992 62382
1644 19778
2059 33890
63 47245
1986 468
2111 27532
958 29082
1564 14799
137 24673
1566 60918
745 41147
965 7535
2114 640
2443 50755
1850 43054
1358 31519
1361 26389
2081 37204
2306 24599
2272 52056
45 19262
987 915
1413 34793
537 25824
655 6269
2204 25042
2 21187
736 56249
1457 54156
688 21830
1146 15622
708 52854
900 53261
551 49155
1595 29811
2177 28067
1529 27863
294 42513
1971 19201
2027 9859
2198 37168
1343 61970
2217 36862
648 21696
581 21047
1096 49774
2487 42356
2236 21750
793 54571
1505 59644
1355 10606
1155 9692
2253 24979
2396 11036
1648 50898
146 36351
1917 13602
1206 55388
1501 34913
2225 48857
819 37877
1960 13974
343 33096
786 9358
1465 51643
31 28931
663 46785
2065 24961
972 44334
199 48998
2526 42858
1845 682
188 19241
1838 45371
783 16258
1127 58264
2561 34174
939 19697
2155 31430
1387 25484
2453 52393
444 3342
207 6853
202 6703
1784 53455
121 17433
765 3412
2584 35587
1292 7528
931 43366
394 6480
2537 49843
2336 31706
739 24483
2449 30020
1835 40747
467 57439
104 45850
2496 49288
1282 34040
277 32041
1968 41358
1974 30440
2117 63233
77 59833
1079 55751
345 54693
1565 58156
2288 43501
734 29250
2257 31130
785 51046
2115 26796
1783 40540
762 32503
2031 41575
1853 17524
699 51028
1098 60270
506 59316
1450 48121
940 16731
890 25667
128 24343
1275 25692
1527 14162
882 41952
650 56184
108 23449
751 7073
1193 12452
2123 15377
1337 52789
1685 43141
183 60499
510 46906
1128 56652
1144 56104
1016 35988
782 50143
1003 19954
1272 39447
2024 48590
2018 32047
2195 17701
2095 50207
2041 13332
2145 61597
2378 38980
2472 53563
1732 35621
312 16017
2174 14995
731 64138
1463 31661
2430 1866
1889 1018
262 42585
217 61579
2592 45667
1362 1887
1014 58830
847 9663
2048 31299
693 38115
1526 28546
2063 21862
484 62102
1579 54434
874 5265
643 52542
576 48594
2420 19019
1113 23330
2393 25538
2339 22852
901 21155
526 47498
808 30385
2325 40376
1744 46793
2394 34523
1196 20972
1085 18935
1184 36519
723 50024
893 29502
2438 1467
1357 43588
2131 16902
1472 61369
2128 63486
2205 54974
702 7219
1364 3924
2465 50805
1736 58461
332 56096
1306 33390
1661 2188
2485 58862
2589 55239
1316 9895
2439 30401
2488 14455
