2818 959 
1949 393 
1122 1125 
2473 172 
2338 2420 1032 2432 2937 
930 427 
450 1443 
545 333 
2214 1517 
2744 2927 1048 1342 
2222 994 
926 2158 
349 2632 
2367 3038 
145 750 
2845 1837 
629 993 
1486 3096 
2861 795 
356 2617 
2920 2447 
515 2115 
995 2911 2200 
800 2791 
1504 222 2249 
3017 426 4 
1681 1644 
2573 2587 
792 1427 1955 
741 2100 
2289 1362 767 2425 
2926 2765 2402 1044 
2009 2490 2510 782 
2460 2135 1351 
763 2857 
277 2153 
2179 3008 613 
2592 804 
175 774 
2914 2689 
2195 904 
2893 2700 
2680 944 
2273 2752 1040 2399 
2860 465 
495 1418 
2739 1038 2935 2336 
1519 2846 
2516 922 
400 2675 
65 1717 
2468 1083 1026 2426 
2835 773 
1052 1039 1062 1080 
775 243 
2593 2881 1344 
921 2393 
989 2527 
1690 2588 671 
810 1370 
265 2176 
654 971 
2421 2936 2435 2438 
2843 2301 
900 2188 
1409 2621 2755 
149 2194 
2328 1936 
924 273 
304 2171 
2445 554 
1966 2264 
945 1496 2137 2850 
963 605 
2560 1593 
1492 838 
2418 1089 1448 
161 3127 
2347 753 
1531 801 
1029 551 
2395 2391 
263 2606 
2642 3099 
383 2253 
2579 1502 
369 521 
352 2839 
9 2307 
1566 2546 
2377 355 
2372 2337 
2996 3022 
2922 1506 
2224 2269 2762 
1816 3107 
2714 461 
3032 372 
1985 1984 
145 750 
2799 996 
1401 2779 779 
2565 2046 
2217 2783 
228 2236 
887 2822 
2941 1510 
2563 300 
2189 707 
2773 2146 
617 2908 
2634 1646 
2323 5 
929 2811 
798 3019 2308 190 
1594 1921 
2329 3055 
2493 2562 
897 932 
0 2874 
783 2400 1433 
2219 987 
2627 2797 
3021 2804 
986 2649 
185 1561 
969 2463 
