17263 22025 
4659 12191 
9095 9016 
8175 14117 
15489 16437 13179 
4282 17364 17810 
17366 19484 
20713 21310 
1607 3253 
10608 19807 
13029 8931 
264 10267 
16252 10905 
15009 11044 
5592 4493 
6970 4984 14944 
18531 6615 
17949 7637 
21964 9164 
21661 2310 
7624 7622 
21112 7783 15122 
12895 16536 
10640 2701 
9474 2476 
9237 13245 
19367 21736 
2326 18623 
19556 4597 
12407 18428 
8519 21543 
12746 20392 
3250 3248 
17665 20038 
3856 4283 
4509 4318 17864 
20397 11026 3793 
20385 17243 
7383 15335 11343 
1616 13318 
16953 15495 
2611 104 
811 16916 
21347 76 
3254 16935 18170 
7445 6708 
17915 16366 
5664 9709 
11428 1480 
14257 20145 
7610 11617 
5207 11227 
15462 14223 
11641 13592 15575 
10434 8990 
432 13396 
7149 17848 7144 
7156 11129 
12881 4691 
18142 11116 
11829 8042 
17191 21594 
1354 17534 
18140 11295 
9717 14109 
2867 4787 
16800 16277 
2720 19257 
21709 12441 
3153 602 
19539 2555 
1128 5075 
7371 10128 
11740 9456 
1025 21029 
18936 16350 16398 
4576 12647 
18980 3269 
4892 10899 
13589 19031 
18727 14943 
17374 17451 
6876 20939 
7249 17905 
8650 12654 
18138 20395 
20675 17494 
7304 15278 
16578 21667 
16869 5462 
3626 7630 
16807 16641 
19150 11566 
12733 21196 
3593 3590 
9789 13845 
4705 19006 
16832 10813 
19520 1747 
