610 1595
2580 616
1061 1284
1459 1317
2463 1546
516 735
1938 73
2038 895
624 920
2227 2091
164 1467
2081 1419
1189 1969
331 1701
424 1813
774 826
2416 976
441 1363
1115 1425
2309 2179
1049 242
40 1558
1792 938
1328 517
413 1129
1669 839
871 2081
8 1759
487 801
1749 160
157 1822
1830 771
312 1699
1596 230
759 1897
1468 256
1878 1252
2053 1617
986 626
1635 1695
2514 566
1894 2204
594 2143
1102 1669
1309 2263
2539 416
1108 1881
877 103
519 743
635 1902
961 982
1603 645
1460 75
2582 1305
1037 642
1239 1832
2065 61
452 912
1725 624
344 916
1122 2151
1916 31
1215 215
1762 158
1649 74
1599 1524
291 1313
792 71
943 358
1731 1184
1245 2181
1642 2155
936 412
386 669
2349 1594
128 1099
2164 1973
248 1708
221 248
484 223
1899 904
798 1281
1153 798
101 197
743 1785
1428 1088
147 463
977 544
189 1494
2336 1391
1017 1977
2448 28
1959 1970
2143 1073
169 1987
75 719
1982 2102
631 1190
2216 851
976 1186
28 1176
2527 286
55 1694
1109 65
1156 1726
543 204
707 1569
1063 105
410 973
2087 491
1597 1360
952 752
1923 1733
2046 582
359 547
1533 1640
2289 1877
2528 506
1592 1110
2014 1526
1372 502
2541 119
2428 683
394 98
973 4
418 1529
14 2106
278 164
262 2043
2236 2060
1971 886
1291 2109
2364 307
20 742
1508 1404
716 2012
64 1256
2424 620
271 1975
69 1479
948 1706
2008 1236
71 1926
204 167
1777 79
2072 1484
2230 2265
1868 2238
13 1223
1136 1148
2167 1585
2319 2052
1124 29
114 1920
1652 1486
2085 816
1408 2217
2310 1477
272 585
1230 1415
2052 994
2427 2260
1242 279
1275 671
1283 240
1801 1626
194 1995
926 494
1668 260
2418 2100
2140 781
1663 1321
89 310
1046 37
839 998
1031 1501
934 334
2585 1903
2485 9
2277 2063
2288 1393
1737 830
1948 405
1457 835
2262 1424
1984 1705
1125 1948
2466 1510
336 2169
54 356
2376 972
1848 656
680 1887
630 964
330 456
2351 1981
562 235
2596 1681
2474 1924
2068 703
1322 1449
602 1257
2430 2245
2080 377
2115 190
746 243
2298 1963
1691 324
2447 421
1082 1535
1678 161
2522 348
2213 1835
1364 1338
1044 258
2535 40
2171 825
2201 957
388 1460
1900 509
662 500
313 1816
1977 1909
1481 1048
153 2211
1507 1049
1374 1842
1393 241
1594 880
2500 1541
681 2073
787 508
1292 1843
2595 1026
2456 1154
1571 90
595 445
2417 843
1354 2009
1572 1362
553 2232
110 336
612 139
1839 1009
398 1396
174 965
1462 290
638 1006
2311 1143
1298 1086
1225 17
1969 881
1416 2275
1784 1989
245 1215
1837 427
1765 1783
149 678
1324 1984
1607 1607
2107 1934
2172 1598
916 2083
2184 486
2045 1188
1880 1852
1388 763
1018 1295
1484 872
889 1945
2574 1896
1702 208
2338 2288
895 195
1931 1935
2270 1527
1686 2268
439 1574
626 710
302 820
2383 1071
2467 714
2032 1451
1005 795
115 91
1452 2125
1910 1516
616 1348
468 2038
2357 188
2249 1828
293 2127
328 955
307 2161
1008 282
2510 1065
1092 1356
1943 1781
23 1149
579 331
404 1676
2375 1116
1133 1748
1265 1603
714 472
1286 146
1670 205
165 341
1901 1867
957 2101
1867 1610
301 1968
1983 2098
491 193
2287 85
1306 2216
998 2266
959 1804
1590 2164
2250 2123
1167 325
210 2154
310 292
1209 822
1833 981
1748 1430
1760 856
438 1958
1444 1673
2100 2213
2316 265
669 2099
1401 1280
47 1133
2465 182
1646 894
945 859
239 813
348 162
2222 2282
470 991
92 1375
2367 1805
2109 2203
357 251
2412 1000
666 588
1633 505
2546 1846
264 1266
443 1993
1378 101
710 94
1631 1097
403 1894
1290 385
1088 280
1869 302
766 1135
2264 2170
1930 943
63 809
715 455
197 1493
1066 2210
752 1277
1231 330
1927 2085
445 239
590 36
1813 2066
740 1177
2589 431
826 562
2141 861
2254 121
497 2022
606 1438
2063 1944
392 1768
1559 1723
2495 940
1190 2221
720 1248
73 311
1226 2008
963 931
2504 1704
2094 1570
601 438
463 3
2501 393
229 576
1439 791
1308 1301
975 1625
1973 1383
1471 777
788 1111
1939 449
2550 1272
2004 1736
675 12
455 1703
93 1712
2125 1235
1067 673
2462 2107
1526 1770
729 1021
1270 766
1662 1119
1009 1226
593 1740
1390 783
501 1571
1809 1573
1560 1267
1150 1716
1832 654
2449 1551
1232 1352
2377 484
1297 1946
700 132
317 1182
2590 1059
1379 1792
2083 1337
1988 389
1220 1801
1476 216
2419 1420
2324 1803
687 1855
2399 489
1014 1624
493 401
1778 1856
199 543
2183 2243
2439 96
2066 1613
2353 1428
1075 125
845 702
2267 108
152 398
951 1300
432 1782
992 1637
2577 930
859 716
1310 594
862 52
2352 808
1989 1652
577 2087
2362 107
1720 521
563 370
1616 1907
1998 1466
1096 2246
1183 857
2050 270
500 1974
2272 368
1638 1642
1257 2175
94 1609
406 718
1421 1029
1651 694
1561 322
492 2112
1424 1540
832 1412
1846 862
240 1583
812 318
1477 984
1738 1318
1675 1261
380 1070
2390 2273
1376 1901
1331 1700
2016 1380
1138 780
583 288
2576 1500
1587 1738
1171 1344
1957 2189
1396 2287
1098 689
1630 2180
822 1085
1588 437
166 209
2435 1665
1685 2269
755 1572
1254 1452
1056 338
677 1366
1186 2223
552 1538
1758 707
2210 1440
1504 1528
1604 1639
1884 1544
2293 1927
1693 217
1384 1495
2433 667
1145 1545
917 1586
711 1871
905 1791
1317 444
1650 1079
849 717
35 1040
790 1169
2303 59
781 597
1307 1308
1529 1656
953 1998
107 799
2475 1245
120 1259
34 1147
2261 1505
2516 2050
1611 631
1111 1645
2268 441
1069 905
2547 1769
1986 501
135 1521
2136 361
674 1455
828 655
931 38
2329 1563
303 1911
533 1008
518 1180
2327 572
554 153
66 1997
2356 461
903 646
1251 77
408 1774
762 2082
2290 1555
844 775
112 1735
2513 278
1250 554
1276 1905
2512 30
737 1423
1665 1537
27 1418
62 1240
1752 1183
53 1433
512 1869
581 267
401 2000
376 1165
1028 27
2525 1721
2219 1807
1586 305
1897 367
1163 1752
2443 1784
2566 1615
1244 10
1404 1193
182 638
1711 80
639 218
530 1633
2545 1753
673 1322
1305 603
1647 1621
263 847
1443 426
1701 1189
990 1644
865 82
671 2290
901 2053
318 2086
1874 201
2091 1772
1059 45
605 893
1877 1865
1495 2271
399 658
2568 1611
896 837
437 185
1002 1060
855 1219
1582 1013
396 1377
1170 709
880 1999
77 1651
2333 2007
486 1910
223 2110
1094 876
909 1756
690 262
499 165
259 2192
2586 2166
821 1762
1697 390
1258 11
661 1836
31 1434
2331 1014
970 1850
2255 918
548 1367
1863 1952
1337 312
350 233
796 1331
2206 723
539 762
2037 1954
750 411
664 1094
782 1941
1106 1238
2519 1741
545 1160
1620 1105
1313 617
2194 116
2126 846
670 587
618 1298
546 1874
993 1010
2470 342
1482 1405
2117 1606
1825 1307
1619 1775
1577 232
1469 465
712 376
1255 2278
538 1042
1289 2212
2426 1038
390 264
1338 1925
299 335
1937 1487
2505 1882
2593 960
162 1600
323 24
703 1297
1682 388
258 1211
2343 559
823 581
514 985
656 1799
738 860
1995 2137
113 507
1524 1686
2077 1532
256 1020
1214 1536
2563 2056
243 1778
2114 879
1445 141
2013 986
1999 83
719 684
1816 2215
254 529
2540 2259
623 2188
217 2144
820 64
1818 194
1488 1991
2603 1947
1787 1634
2134 1564
2229 1953
72 1087
2610 1689
175 1234
754 57
1634 1506
2281 1426
598 238
921 400
2043 1737
962 574
99 2247
1348 186
1548 2291
2523 1376
1855 296
49 1913
44 406
1326 2230
41 2283
1718 1631
2341 1046
1126 199
397 1016
1438 1659
2000 1117
1653 834
1690 695
1746 1465
770 1691
1993 1462
213 1860
21 1373
1747 2105
2273 419
864 1222
1992 227
778 1751
935 1171
280 2140
838 1490
253 1106
2042 333
2027 1966
2337 1830
1700 1725
475 911
473 23
333 2077
2062 1217
1535 1589
154 1446
2294 1795
1174 2044
118 1244
1407 148
2606 1153
893 478
1300 1722
2104 831
1741 66
1687 525
2318 1512
84 1627
2446 1581
436 951
145 685
268 1964
1435 628
2561 569
1881 558
129 1662
1336 1063
1320 1684
2237 2218
1661 1940
1945 611
370 700
1342 362
1162 937
1474 2178
456 941
1228 1353
1259 1017
1621 1480
2326 2036
1858 1095
1204 1192
2235 447
1104 1561
2018 1923
2344 63
2497 1630
1795 1024
803 2041
2578 1848
225 760
1121 473
1562 2274
1047 1437
361 980
1822 1760
1885 1185
2110 1347
1729 1150
1921 1287
1062 2122
2388 1514
1130 1241
927 590
836 933
1990 1489
1077 55
1864 2088
339 1361
2055 519
739 1554
557 78
2146 1091
1450 1577
1912 415
1001 1498
2557 1368
615 1417
2139 2220
2105 697
1796 842
2600 956
2312 487
2285 725
124 1064
1409 443
641 1043
1519 1289
2265 2224
2187 1096
2245 210
2159 928
1024 1698
1811 481
2552 1443
511 483
747 287
2385 1157
1502 206
1826 1034
1200 115
1479 366
2403 1296
2307 1942
465 1003
1213 1464
353 1620
2088 1647
925 378
609 428
985 877
655 319
775 344
251 724
2207 779
423 357
1012 2167
1657 1005
1392 708
421 2206
870 316
196 712
1149 155
481 571
1411 1230
1517 2047
1679 151
1016 1663
87 866
1362 1232
1243 2119
1852 1441
315 1411
1222 392
2583 598
1207 802
1464 2068
575 527
1493 2251
2102 967
1525 1810
2608 555
950 2183
913 1004
372 93
1090 1692
586 1062
1218 1227
1269 106
568 827
2480 1849
520 180
1862 854
119 1478
1166 1591
126 1319
1011 790
2487 469
2224 1758
496 177
1169 1195
1860 1504
448 913
1637 2272
847 1191
654 2292
2533 124
2233 1304
1148 1402
207 1054
1400 2019
430 1113
982 542
2223 203
108 2252
1072 945
765 1672
185 254
1861 1421
929 2233
544 1658
2193 1332
1843 81
2530 1142
783 2239
1506 1575
524 1224
2601 649
2489 753
791 948
18 1164
2442 1022
1448 476
1246 2160
341 1715
1511 676
260 2020
1824 32
1987 532
281 2094
892 1122
2429 436
2520 328
742 152
277 363
1229 664
890 865
2208 1922
1952 2018
1753 589
343 293
1674 466
584 396
2180 852
186 102
547 2222
3 1125
2151 1225
1489 365
2321 1175
384 140
521 2139
651 2014
1706 1649
748 618
1733 493
1776 408
827 173
2034 1286
1585 748
433 565
1089 104
2413 2267
2473 451
249 1806
1805 1764
1522 2065
2079 666
551 168
505 1788
304 551
2220 1794
1941 1750
2075 1765
1892 304
2197 1315
1402 2005
2369 220
1915 2084
1128 134
1975 858
1967 1265
236 1714
1781 784
1241 1576
1212 2103
483 977
1070 1039
814 1102
994 817
1726 1509
1426 1727
769 864
691 622
98 1908
978 179
1782 942
2532 1374
402 2135
1371 1776
1281 364
2069 1407
76 1209
1947 1779
373 1447
1187 811
2022 26
643 698
2579 1844
2581 1390
179 407
756 1580
1575 1314
2028 556
1553 939
442 423
1589 691
1965 1448
1699 257
2389 417
1370 2003
1237 22
1036 1711
2611 1237
298 953
668 1988
1694 313
1020 323
1490 1851
282 1255
103 950
1385 127
362 174
608 2229
2499 814
39 914
429 1364
640 1050
283 371
558 1879
1060 1221
2549 2256
458 2118
1804 2162
104 2174
780 1811
261 1931
688 1866
415 1468
2247 1608
1161 429
91 1328
1756 722
2615 1406
1081 1980
599 987
866 553
1453 299
1518 1917
1054 1155
57 899
2179 1254
1236 660
16 352
250 812
972 1513
1296 609
730 741
1827 713
1799 1976
1666 1158
1851 1734
444 1854
374 383
1266 2142
1377 518
683 1744
1974 468
2225 1243
1436 224
2131 225
2150 1718
858 1139
1557 2226
2394 409
1358 2157
1920 291
355 2120
2007 1198
542 1035
1280 1755
1203 2158
329 1251
1019 629
168 1821
295 757
1698 6
305 772
1812 1138
2609 1343
1766 1011
513 1717
237 1972
188 749
2232 1787
1029 970
70 963
2332 975
1727 1937
2365 1838
2436 600
817 196
1767 2028
2320 1250
2241 2228
2030 2208
531 1089
1456 1172
2135 2113
1790 706
25 806
2296 1898
2199 833
2169 1578
1107 1939
2120 769
2226 875
1872 1174
363 1214
1834 601
1569 95
652 1520
2205 1482
881 467
582 446
1303 2237
111 1971
2121 1893
2061 1127
937 1550
365 2277
1132 181
650 172
1131 92
1458 1933
2106 2281
428 285
1602 69
799 53
1817 754
932 62
1318 1929
560 1302
1274 1262
1353 84
407 1696
1537 492
2240 475
2301 2096
1425 2196
908 136
1497 1118
1591 128
1168 1990
735 1403
1866 249
2404 1163
1609 2116
1576 87
12 1213
148 1470
1196 1030
342 2186
902 610
942 744
725 2141
1979 903
4 1450
2021 1955
1617 1488
2401 515
824 1930
11 2010
956 1196
718 2104
2248 2126
2492 1124
1192 1731
2181 231
419 974
1896 222
2613 535
2078 86
2355 1351
840 1766
2415 1309
804 1648
2411 921
1713 46
290 470
1343 844
2396 1682
1420 670
2204 1249
1430 1475
1964 1525
695 420
580 33
320 1442
1413 682
1768 1732
1751 1273
1664 782
2423 2171
216 885
741 157
526 418
86 499
1704 99
449 586
846 435
2218 351
522 537
495 1103
1397 1216
2160 1579
133 176
212 1310
1968 1276
1491 1650
2434 615
42 845
898 495
2315 379
773 1678
872 1057
1434 1269
50 1713
266 118
193 536
1551 1904
1140 1547
2511 2286
2274 41
2392 1427
170 983
1142 1839
1406 1824
296 1355
805 637
1071 1802
1040 353
309 1369
918 47
1447 2205
1387 410
1745 1754
1202 1592
1139 229
466 510
2444 969
525 639
578 2248
899 1814
97 309
2379 1037
910 1474
2009 1271
939 2045
224 633
1095 1739
1465 2262
81 170
1470 1
2529 1568
2182 1432
1677 1394
369 1200
1146 5
1608 247
1779 1258
327 1055
173 1895
1770 1605
1655 1194
702 1173
1754 2080
1714 1270
697 1590
2560 404
2082 273
1942 1683
1301 764
79 1943
2044 129
354 300
1978 479
1375 929
1919 399
1936 1386
2209 1827
617 35
37 1199
811 1104
1367 1815
634 485
1803 705
233 1557
1723 1336
106 785
1466 1444
658 636
395 2165
757 849
1641 1120
611 2092
2071 627
944 680
2565 2039
1728 999
2295 1914
478 2059
1441 1618
125 272
2490 1033
2024 425
26 1431
1724 1763
379 214
1580 1253
1829 577
2176 490
65 39
1201 1123
856 855
1786 100
102 2163
1330 2117
2086 14
1172 321
1198 2093
1789 1306
1565 135
15 1132
2378 1028
1550 2185
2215 701
1361 1906
2517 1674
1985 1983
2177 1817
1473 1291
2049 838
1660 72
2186 828
1042 1638
2152 1166
1692 1596
1528 979
479 1208
1819 1834
682 1218
1340 1228
745 1796
1615 142
1703 729
974 395
2020 1379
1632 1858
660 2249
45 413
2407 113
2567 503
1772 1207
171 1130
1991 2190
876 1549
2113 391
206 246
1924 1141
923 821
2414 1508
215 1777
2096 1472
2340 1068
1032 968
19 1409
2269 1365
446 545
565 1076
2360 1886
1922 2172
857 1290
1355 1746
607 13
2363 1559
2178 372
1333 354
1173 448
1759 2108
2155 462
2381 212
915 482
1539 2193
1015 1601
136 550
2084 1619
509 403
208 1018
829 1001
2556 1657
2190 868
1365 1873
335 202
195 888
1798 2182
1503 1967
1177 1292
1593 2021
647 1767
1437 721
1395 1632
2348 1636
2393 1690
78 1667
1578 2001
2246 1108
989 1809
1346 1918
434 675
127 34
1208 275
2350 253
1797 690
1672 122
1854 992
1521 1398
644 591
1294 1134
869 734
1315 244
371 1863
364 1268
134 699
818 1519
2025 1242
2317 2061
988 949
2138 2111
231 1397
1179 1562
1820 1653
1623 1275
2371 343
427 902
1545 1888
2116 900
922 1316
503 1339
2154 1162
1238 731
100 1058
676 1936
1555 947
1645 564
632 200
933 1883
2074 578
1568 1587
1247 1458
1357 1950
1695 21
1141 149
273 2285
1256 1357
2431 1916
286 548
2128 2016
705 513
786 720
569 130
2524 1542
622 15
510 2097
138 111
1344 792
1347 952
2089 934
1217 1340
2092 2054
2452 1511
794 68
1184 25
1100 2153
2259 67
1086 917
308 297
356 1052
2297 829
1496 1829
1552 2075
1118 1205
2486 171
1043 1951
2573 1847
1842 1293
507 932
506 1378
2438 1602
841 1517
488 2062
1530 306
265 1661
1278 688
1764 1429
1039 568
2286 1359
2252 1247
685 1876
2188 768
191 183
1147 819
965 1861
1403 567
2302 346
1410 1210
2158 1518
1010 1890
2354 704
1775 870
940 1201
868 2029
2421 373
1722 1599
2553 1023
2440 1126
2602 1565
1556 2214
2283 1688
1871 402
2147 1864
1512 1282
1970 1080
1412 1793
1440 1031
1034 1371
2039 681
843 850
2033 1090
230 192
227 686
2195 1932
874 1654
51 2200
440 2
326 294
1541 255
1329 1872
190 1743
367 1410
334 1333
1352 767
776 2076
556 711
1763 1499
1850 2225
1052 1693
2058 1399
642 452
2464 269
1696 380
1064 315
2244 2234
1883 715
2382 1078
947 2236
1715 959
764 237
2095 1962
2221 1965
1143 2146
1135 906
132 1660
537 1349
1327 540
1624 488
732 995
620 339
1717 110
597 1146
574 514
2498 1543
633 647
43 672
2373 1389
604 422
1414 58
2305 1279
10 2289
1906 1395
1175 355
1418 1720
218 1036
1774 891
1744 308
2304 123
1475 1416
337 732
1743 50
2526 1439
2012 375
1087 166
1859 807
911 1709
2145 935
425 1187
332 1643
252 971
1381 923
1643 1388
2387 191
2118 1144
679 1655
9 1885
46 592
482 2114
1542 1912
1398 1996
2108 1884
1299 2057
489 1928
414 1567
1033 919
2073 2284
38 2090
1844 605
592 1878
900 1131
1 1093
1980 1749
30 18
1025 1288
1540 1408
0 117
960 1098
2234 2168
1045 131
728 44
2432 805
1958 283
1123 1949
1316 989
2005 1382
1295 1206
2056 2209
837 1584
167 1670
58 147
1085 892
2374 234
515 1075
1467 1084
1021 1534
2090 289
158 1044
2200 946
2488 48
155 659
246 1497
678 1629
1199 359
459 1459
2562 497
1478 1457
2119 1032
1895 1350
665 2264
603 2072
758 137
1902 2231
504 871
2479 1285
1889 996
2328 1303
2217 1628
1383 394
450 458
954 884
2493 787
698 1745
2554 1121
1997 1066
1188 2024
1815 848
1341 2199
462 317
1058 43
753 1229
1807 1453
1099 1666
815 1145
7 1179
1963 901
2408 1007
1252 1857
564 897
2542 1212
2263 1140
2386 1548
1105 1900
2238 1502
2173 1889
314 1274
435 840
2006 89
349 2241
105 2037
785 1329
751 236
1821 1345
1451 761
561 1992
142 189
1325 1702
2503 1789
806 1027
1954 1323
1891 54
2482 387
385 207
1926 1392
2192 1422
2571 1161
949 274
375 1635
183 580
1946 2145
17 1808
1810 1069
2587 440
1013 76
32 944
88 652
2132 1128
382 2058
2001 786
1933 990
2507 621
1683 1341
1157 2244
1538 873
1185 1880
300 1742
1972 778
469 1531
1681 531
287 1915
1684 1381
1613 2015
1221 1616
1841 397
1253 696
1053 1797
2156 961
955 1957
886 1899
1907 1311
1463 1597
888 2006
1103 382
269 219
1116 2261
2358 869
1898 1503
1472 1136
727 640
80 1461
1351 1231
1480 340
549 295
226 1012
2253 298
784 796
2048 314
1263 1112
816 1707
614 20
2251 2055
177 8
161 733
151 1960
619 154
109 150
2575 97
2454 504
2420 797
1981 1067
589 432
1750 1757
1909 2079
139 1491
587 144
1284 70
1285 1473
613 1826
1783 2035
1084 2033
2536 337
831 773
306 1522
2592 349
536 2031
1048 1107
1567 442
744 1072
1117 1074
324 138
2191 1566
2322 1892
1534 2156
378 2276
1382 1994
1368 803
1485 737
1211 2040
1505 2198
1272 460
767 271
1323 2089
2212 277
2036 1870
2591 765
244 679
232 213
1510 1002
789 178
1055 997
878 1325
1180 56
2607 2293
763 1204
2239 2176
694 1077
2292 1818
176 1646
1350 2257
713 1342
83 1454
2129 1114
1755 511
1730 1959
2040 687
930 770
1710 2136
528 2074
2308 889
699 677
400 2115
1618 1283
2472 1109
600 2235
2266 528
1886 1986
131 927
2101 2197
1349 1082
1264 1151
1875 2254
1523 1263
1791 60
1151 1604
1950 1041
2035 612
2299 1326
1321 2027
24 159
722 1710
1007 1370
1356 332
967 2219
1433 878
795 1685
1359 1868
1429 250
1887 2078
1509 774
768 1170
541 607
1332 1841
2543 2121
2588 1956
2099 910
187 739
1419 2173
2124 966
2098 268
1584 2195
1051 1019
2174 1593
508 1233
1223 496
2597 1982
919 1507
1857 759
1181 1047
1935 498
1802 579
205 276
1739 573
1164 329
969 133
381 281
420 1051
1514 1837
2476 823
1794 2013
1030 1800
1210 635
731 259
1000 261
1574 326
2518 1413
649 1483
529 477
2477 228
1154 430
1944 793
1273 1045
733 853
2003 804
144 1961
377 245
772 962
351 1354
1667 16
1581 1780
1996 2011
1928 630
2372 993
2483 1553
368 1921
2163 747
2291 936
2534 1246
431 1181
150 252
2599 434
1423 2049
809 1015
1828 623
1911 2258
1659 1671
2359 480
1956 1677
2002 800
2604 1334
426 1485
2051 1790
1178 1724
692 1761
2189 726
1549 1747
873 883
1366 374
2112 1623
534 187
2185 1101
347 954
1520 1530
22 1862
2425 1840
1373 1294
2494 1159
143 301
82 810
1235 126
2123 0
797 755
1908 266
1248 211
793 1061
405 2138
209 2184
1918 1469
2402 2240
1023 163
999 1312
2017 19
1536 874
1114 756
1041 1833
648 414
276 651
527 51
121 1687
366 1719
1879 303
1513 1891
467 1197
1498 1203
2521 1435
1849 2017
854 1156
1006 727
29 2280
2406 1083
2256 1115
850 560
971 1152
1831 2279
1360 1053
472 226
1038 1859
2347 1335
830 1264
2558 1167
1929 471
2057 1533
1769 693
979 156
352 988
2345 1819
1680 1985
358 665
2271 776
292 674
1598 221
1808 1979
1057 613
417 887
2284 284
1629 1978
5 49
2537 625
861 2253
6 746
2502 1278
460 369
411 1823
485 109
2455 570
2019 1773
760 836
137 1831
996 1552
412 1523
1119 1614
85 1539
288 1515
1876 2030
912 145
494 1492
1026 794
409 788
1806 1372
2011 692
706 345
2278 1786
471 1239
241 2095
234 2207
60 832
122 464
267 384
1219 882
1516 643
1707 424
1757 1476
627 1588
1120 1092
257 2034
887 2002
1882 112
572 1385
1870 1938
1415 2255
1614 2046
576 644
52 1680
891 88
1648 614
180 1668
1835 184
667 2152
1601 2067
1206 1728
2461 1260
980 1664
1193 2270
393 2250
573 1330
1277 42
391 1100
1234 1641
701 789
1197 1081
1721 2023
1268 863
625 978
723 1560
659 2042
61 728
1112 1299
1573 350
1814 1496
1182 818
1960 1582
2330 1056
2279 1414
279 1401
696 1875
1773 641
1302 2194
1380 2202
117 596
1134 2026
319 824
2570 2227
2422 1825
672 114
2478 381
1194 2177
884 1358
1656 557
1249 538
588 1729
535 584
457 143
1636 453
289 1697
2076 2032
2551 1436
852 841
1267 454
2460 2159
325 958
1740 169
1487 815
146 1812
56 263
2010 2191
1386 1853
345 1556
1856 1820
2361 1384
995 1445
1654 450
567 1456
801 908
1227 1346
987 1675
1319 632
555 2025
2342 1387
2313 1771
1165 1137
1689 1622
736 1327
1962 867
1671 7
1304 1463
724 1400
2153 730
1076 1919
1080 320
1564 1679
2276 2051
2410 1202
2397 1025
1547 457
591 120
68 2048
1050 1320
198 1220
1712 1845
2450 198
1644 459
48 360
59 2187
863 1471
1158 175
141 2201
1515 1730
1622 2242
1994 1481
835 1612
1363 1798
684 2070
853 602
894 474
2202 1324
2451 539
