2187 450 
2481 1435 
590 2193 
1321 1332 
1053 2442 
1855 1814 
1715 2347 
942 732 
754 1943 
1487 798 
942 732 
1528 2480 
448 450 2187 
187 1893 78 219 
2533 1755 
942 732 
2193 590 
1188 2489 
2285 2190 
2533 1755 
1828 2374 
1399 2493 
1487 798 
1755 2533 
1321 1332 
1855 1814 
1188 2489 
2533 1755 
1918 1520 
2281 2216 
2285 2190 
1755 2533 
2533 1755 
1985 1345 
2216 2281 
2498 1212 
2185 288 
2498 1212 
1438 2332 
2505 253 
1528 2480 
1589 2451 
113 37 
2480 1528 
2493 1399 
1828 2374 
1399 2493 
2493 1399 
1972 1989 
1528 2480 
1438 2332 
2495 1192 
1438 2332 
2283 2191 
1489 1356 
2193 590 
1489 1356 
1489 1356 
1382 566 
1345 1985 
798 1487 
2498 1212 
587 2194 
2400 1741 
1489 1356 
2522 1782 
95 19 
2193 590 
2514 101 
1755 2533 
2495 1192 
2282 280 
2471 2179 
1755 2533 
1489 1356 
1487 798 
2535 1730 
2504 226 
587 2194 
1487 1852 
1166 2503 
1697 2428 
1874 2427 
2252 2309 
2427 1874 
1173 876 
2504 226 
1345 1985 
1911 362 
2498 1212 
1985 1345 
1259 2462 
2374 1828 
2374 1828 
2457 2208 
798 1487 
2489 1188 
942 732 
2533 1755 
1188 2489 
450 448 2187 
938 1700 
1399 2493 
2190 2285 
1855 1814 
2495 1192 
587 2194 
1697 2428 
1828 2374 
1487 798 
429 2050 
2400 1741 
1814 1855 
1697 2428 
2470 1140 
2495 1192 
1855 1814 
1321 1332 
1782 2522 
2452 1060 
1356 1489 
2404 1636 
2481 1435 
2533 1755 
1855 1814 
