64008 32580 36059 28005 
45262 38661 34069 47708 56959 25876 58261 39812 17231 
63682 1766 54883 16179 16348 
25283 56576 
38317 54952 
45351 53280 4547 
4546 118 8829 
1241 57248 51403 55681 60990 49002 
48634 20055 44630 
53983 46805 55688 48038 
43284 29840 25127 11523 27267 21488 17316 38294 15582 
53516 58414 28866 41249 
53218 64195 
29564 33064 
49333 16845 55337 5896 10682 
3765 6351 
18695 4024 2603 60389 5889 
31393 39550 7525 31359 42517 
39229 35698 
13096 27667 9310 53970 2244 35012 
46299 23318 16948 63622 17510 8893 21536 3339 
51553 11081 34843 18279 
54210 63560 
44881 49859 11001 35412 48367 
35132 23709 
17108 23632 28022 28669 
31411 38958 52631 56859 42565 
50323 59133 62292 
8056 61486 48069 57064 46608 17041 26011 63905 37012 16972 21177 50667 30542 
57559 1283 
9959 62773 4821 
13435 10564 5774 
44542 49750 1903 27538 60370 31882 52100 34112 3686 61035 22542 61955 32994 63847 18667 
26860 4650 30493 
48252 26708 20343 6261 16306 9911 37390 53357 12048 
14753 16435 20967 
25091 19465 23488 21430 20446 
8939 22071 31909 13187 2064 
16132 101 8517 13649 26813 
53265 57214 4633 
60419 50972 55465 
50298 7386 
46369 61694 
1055 57440 
45177 45890 25814 22725 48635 55464 5398 
29036 19466 
56428 55598 43854 58359 51723 52014 
2161 6485 
60354 7654 
34002 31092 144 27050 44162 
18922 62229 50509 40507 55482 58893 41113 
14 4066 9205 12697 
32267 27218 43824 
59763 38473 
15190 60395 53775 63845 57996 
25016 22010 30105 40183 43294 5770 47172 30077 
13741 9829 
16346 18550 13871 
21565 12241 45463 22468 63614 26047 21282 35103 32928 6711 1958 59026 11256 14197 23240 
17974 20189 
17986 1410 10797 3098 23495 54264 30070 18896 22549 31695 
60603 41811 63581 32782 
1521 48708 60095 63354 53521 6050 
35303 48402 
816 34093 11663 63784 859 3091 4794 8734 
34956 16240 11166 21209 34053 39860 7478 3232 16601 41032 14528 33774 25167 
293 8072 3916 
54231 30780 26633 22565 
5702 55886 35459 22911 1794 
45459 37100 41786 
61502 46605 42595 55527 63914 
7720 27983 49418 
36209 24364 56967 10615 
58227 53465 50801 
50378 51230 21730 48141 32801 17922 
23195 30824 
3595 53669 13108 49871 
35556 53471 14294 49990 39124 25529 23176 60458 
45275 5776 56007 43234 12628 
54977 4997 51252 
58174 50432 
62984 57842 
14858 9253 
23737 15971 
37091 33661 36528 
52317 57489 6881 
48623 55371 62555 61633 
34485 11215 4938 2835 13454 
57601 7390 10337 42818 18057 
28756 40818 
49286 33277 31635 30368 
23657 30591 
11384 40182 
6795 2569 7208 42215 9493 
2655 6692 
61321 2398 
43793 58638 55119 29697 
44791 20529 19747 54040 33238 35387 
62929 55098 35665 51404 
15289 22251 28205 
4716 53786 
47147 23646 52703 
44835 14730 25870 29988 47148 57016 57857 
2887 8806 45355 49856 
1461 17407 
20029 62272 26445 
50321 41769 36302 54412 
37034 32837 17744 26818 19488 33624 7977 
41702 45905 53768 30121 26908 
30128 26466 
40192 36319 
56693 30748 
10963 16381 13830 22732 
5869 26019 43175 57612 48006 33731 39349 33962 16776 36030 34498 11444 32134 
2195 15350 
40825 26045 
44003 61696 
2326 13481 
62815 56333 53890 
5555 1129 24279 38412 
32718 55769 
21224 49293 
59998 61103 
9845 21928 44768 47765 26672 
27401 1529 31872 
52850 9501 49687 
39799 35648 42109 
26901 58504 55483 
17625 20320 13518 
49443 4688 3973 54979 22282 1284 43401 15862 1908 
24194 26660 2042 15513 21508 11727 
23877 57989 47707 
50737 29274 62076 58042 54561 
25702 29305 52433 4027 30230 38434 46513 29695 22664 15983 34905 
7905 51241 3879 35777 10370 3722 23079 17005 19179 
45553 63410 11047 
20258 7781 27198 8868 1047 7844 22605 17315 13903 25978 63089 36651 51361 24387 45920 9393 26863 3210 17325 50310 
56204 45959 41642 
35462 47194 
63200 202 42916 
10139 55363 
17599 21693 
10611 13321 
47824 60153 48928 4615 40895 43237 55705 
17855 29703 
28789 15253 30456 60919 20318 
37809 52706 13515 41368 48794 61305 
41759 33309 28685 37481 31614 2968 47463 
52688 60111 55183 11954 46119 17151 23702 36755 62912 32201 37119 2066 41317 
53419 12758 
57380 7597 40696 
25574 29677 29561 16543 62156 21161 
44470 17380 21082 28449 45435 
5737 23614 26380 
58152 60567 
35507 34871 
63933 53314 
55447 10704 52070 
62913 52152 
14554 37093 41533 
26223 23335 17799 21606 
14595 11257 
20214 13838 
15380 3387 7505 59359 
14565 20498 
34949 31335 24315 
55615 49828 
19062 23572 
51169 41588 57864 62809 55176 21036 14732 
12061 42204 51038 6930 54843 
42961 22454 
21786 30450 
11028 20073 23667 
15620 28431 30350 38614 22087 34567 36480 42693 
34389 48665 
13398 6868 
50675 62082 38005 
35868 62823 45479 40586 25320 
55260 14467 52394 60128 30655 
53757 54389 49380 1470 57614 37139 56627 33396 46862 5575 
15345 51748 10747 55696 
50621 30990 
11853 36922 
50156 51448 
26913 3797 
35400 30004 
4701 1907 
62683 38221 60072 
7606 1566 10602 14442 63082 56282 53805 32433 59956 
21272 63015 41028 51725 
43330 14140 31309 62337 53302 45318 37074 59040 12692 33610 31345 42860 13074 
44328 40913 40935 48938 
23036 23243 4298 29784 
1626 58485 48551 12558 20499 6982 
54254 50278 
12154 8110 7822 
53931 4121 55840 62790 
15841 8434 22587 16473 
45178 50396 31188 
45864 28616 12076 
53145 2912 50976 56264 62659 60454 
17037 24493 
18271 36509 48937 
62918 27497 
18970 31648 
9786 3526 12466 
34635 63492 60576 5714 
28530 51336 41194 5444 30130 
41380 51994 54369 46437 
14321 22463 19456 
7374 61925 55794 
60565 33925 
37110 50935 32180 41823 
23844 13799 19807 
56787 62259 53493 
18705 499 4927 31138 58940 8378 10641 
12642 18255 
40619 29748 25155 18810 13191 22931 
51609 52229 32541 
55320 2629 
33692 40666 62152 
16835 436 60846 33392 58300 34989 53196 42181 4376 56241 13989 19732 14619 9322 15801 27311 24548 
568 57675 57774 
56735 30747 19394 26664 1082 
11042 12093 22804 16224 
34046 44720 
43011 20420 33963 38419 
9698 6170 
38001 50730 4673 1376 26007 
49296 45283 
37453 25907 17973 8699 36221 
15735 19209 49796 61291 59124 12368 
44266 22699 48282 40597 
19158 466 6617 8237 12610 61292 57661 17629 25507 3136 46772 
3287 8017 14136 59924 
42298 37114 
39992 30195 42742 15379 14425 61884 15099 64210 2065 60970 
25523 46686 
8466 28074 22006 
26107 55055 1459 13790 15825 35251 57519 17648 24183 20274 61742 
33719 32302 
38780 13678 
10912 39342 28619 
1151 30400 59008 6952 23189 37358 42707 21744 
9802 24083 28207 2583 52029 
30936 55140 
8479 13679 
32580 28005 
19224 49782 
58256 53781 5717 
40852 4693 9466 50779 
57721 16262 
45368 25353 57533 9970 17171 34209 
1877 10535 29530 
50766 28332 46607 41439 
30351 24888 
54596 9485 
62882 35337 
53887 32508 
60784 22278 18136 54148 41814 1694 4349 54287 58305 5879 
12964 14067 22090 3330 
709 4524 
33380 45889 41658 56257 17056 
25655 37838 
61111 59342 
23708 9714 47976 
26785 60042 21743 
50895 55879 63465 10007 30126 28531 12267 4837 665 49448 48524 
11134 11180 6250 27234 24708 35233 
18279 11081 34843 51553 
40377 19926 54528 28069 19947 38007 58304 9916 1997 24454 9090 25973 18262 22838 20303 14012 
27776 33670 28048 3662 
20322 54803 
34708 23141 
46193 38935 34301 15445 47280 
11223 14634 62139 32758 6412 
18400 47386 44552 
37588 39092 24296 
5173 64238 59499 
2512 63251 
7260 13559 26084 10574 
13073 10784 1544 32246 8524 17823 37169 7744 
47820 38600 37067 34207 
12742 45155 
11006 44056 45926 
48064 7163 55351 19556 
20704 4143 
63369 2413 33289 
37628 41337 
30906 56496 47311 39692 63245 33250 47516 53469 43777 14217 28751 51976 23224 
31053 21049 24261 35234 
7513 36527 
52036 3998 56739 
9939 53022 12240 927 
23835 14795 19833 56966 
7046 54076 27181 57159 10125 13394 
5131 19414 9281 15497 
54508 37166 41801 58534 50348 46432 
23500 10560 
55108 56675 13262 42063 21779 61385 53977 52662 
11210 5382 1699 20310 13975 
12603 3113 5091 
63426 24972 10293 
45982 23223 21823 39620 36345 26068 18734 
35045 37217 12227 39335 29386 47348 58713 8154 13770 39497 5837 32373 46788 53620 
29277 10586 52858 18629 49792 
14213 45741 
11275 3418 19507 16755 21236 
42234 49554 
24182 28064 
26608 23065 15382 24754 41543 41208 
47322 43036 24897 46711 9741 
295 9529 23058 12426 
16547 55253 44858 
61679 38147 6386 2686 55691 12160 28501 
1825 16277 30211 
54287 41814 18136 58305 4349 1694 22278 60784 5879 54148 
20194 46239 
7529 11693 
35434 55545 36140 38474 25741 30360 
23578 58077 9803 47627 27113 29107 11030 30533 40484 
59601 57437 
493 46694 
20149 48461 43926 
62344 59130 49014 48449 46217 
63494 42336 44736 44554 51231 
25211 53793 
32611 33353 41109 31404 56536 63302 12780 38444 12700 18430 28902 37940 31545 1184 42678 38853 25767 
35791 29124 
26050 38148 17578 
45275 46865 
17369 25534 
15400 41398 29449 19667 18563 
48912 43268 
26331 60857 21014 27955 10124 14270 6097 2488 
63389 2073 
57630 61473 
14632 22608 6191 9732 25737 
25210 30349 6915 
4132 63738 
22680 9660 14527 
9097 13102 4529 21639 
38381 33208 64234 42884 39652 40274 
3939 3665 16799 
37631 44336 
57384 18765 
31742 52035 
23800 35803 2389 46443 39600 45495 21212 
57653 62190 39896 36361 37982 6327 42658 3537 53598 50222 4233 
819 4140 
50577 15368 57067 36897 14114 2636 30736 1050 56923 8823 61868 5095 
35130 7945 
1818 9933 
28041 2054 50182 2467 54093 52227 
1033 42885 
10890 14395 21742 
46881 49853 57143 
32530 27870 40736 33143 
59797 24302 61078 
2834 46120 
53701 36628 37532 41755 57461 28547 
35793 39316 48165 
40684 27405 32708 47429 33677 56687 59839 51417 29479 
7274 3630 
29415 18619 25094 
9400 13949 
46616 60731 
18013 15860 
45144 18510 
38076 57511 
45909 58036 51514 53571 
40086 31037 29702 
62889 21548 43124 17509 
35315 43796 47878 60843 
61921 57112 56630 
31754 56151 47238 44494 43661 
60363 47643 
61312 59196 22625 
97 11597 
58429 37702 
17084 13830 16381 10963 22732 
63149 60322 45149 33086 33337 
22756 32701 
36798 37142 39667 29790 13695 33224 31156 48629 
57684 61245 
23431 27496 
30689 63027 21599 35508 
40419 25591 53652 
25395 51709 
34808 27533 27116 31043 
24983 48779 
38576 41714 
59685 20542 15199 35593 51493 
41865 25579 
22928 11204 16969 38406 56761 51851 24610 24639 42462 2153 27745 14065 54177 63654 47623 19684 47782 
29184 2870 34018 
38691 42796 56640 
47068 61241 17229 
33209 47032 48709 61986 39651 19479 
45648 14999 7065 
38759 33497 
3244 60783 
49814 39722 53775 48837 35892 60124 42706 30056 11154 8520 22434 27927 40954 62441 
19799 41515 52306 12319 
40188 28828 
31888 24285 20607 
17730 29443 
44151 47050 
3078 3095 15311 10632 6400 62616 7122 51490 
44817 40475 37426 
6281 8442 2201 41629 
9139 52628 56348 62792 61642 
50550 13908 62192 15003 47632 62311 35865 49415 35666 1370 
25436 19714 
32999 5088 
5032 33696 
6792 57170 60173 19775 
47266 51990 46194 34988 17345 37921 33707 
33525 38167 
37987 38656 
56956 49276 
58885 40754 
16613 3143 28278 7886 27146 23617 
1517 14374 
41695 24811 42415 
4351 63679 15632 27426 
62732 59105 
23889 5405 29219 10150 
21902 49363 3968 40283 46133 20547 30685 48795 36995 21614 12119 
2563 9880 5487 
3744 1249 7033 
42834 47943 44200 
3876 52955 22074 60477 56419 58241 28331 3590 
10744 1979 
54640 42192 40772 
29277 49792 18629 10586 52858 
29227 12112 
44224 56597 
26207 16046 
32303 42534 30160 
23315 4104 
3205 50790 45288 61754 
22731 16644 63994 13699 175 
11242 52690 
33669 38892 
54463 7353 3187 11193 15845 28690 23836 
60506 6714 2076 
18398 16957 
40797 62483 59375 
6300 2168 
26178 5209 57227 135 54568 58482 
10773 56891 
37752 31181 
54465 11813 30937 45058 42353 43123 25084 9558 
38426 34825 
63943 40052 
713 14910 
39736 17292 35351 
3128 7151 50507 6054 45911 
13063 57158 5084 
58802 46753 4155 
37458 48530 
22470 46621 
13622 18031 26653 
38987 39918 54255 42603 28227 62880 49630 26333 31396 
53780 57207 49916 18205 54864 52175 
52265 50407 10631 
58163 55945 
41766 46030 46927 56813 
51537 53278 
49864 4501 56038 50152 16753 11385 
14016 20025 
52320 46025 
31949 57454 1832 17775 31146 
46644 13888 
16762 17313 23676 58772 52948 
6738 63573 
29067 28791 
37005 40316 58674 
52986 49550 
61686 63017 
33230 40350 
53752 63209 
52292 28381 31636 3304 31124 
14340 52479 7556 
32680 42170 54533 
46004 28758 41821 58160 
37800 28908 
8098 438 11746 
28828 40188 
10645 51419 6874 59371 55613 2703 612 43979 13512 35472 
61931 24847 11956 19919 16883 32880 15578 
21956 261 26994 27481 5341 30053 
37872 3228 31743 18328 
16234 25134 20358 29715 50641 16337 56423 
53911 9564 56285 
38179 20350 28337 35965 50666 54449 
28831 41275 62906 
58902 7964 
21463 28323 15250 16552 6681 56300 
43350 27582 
4154 13278 
43831 11163 31559 44994 32476 33260 
7518 35962 
17140 13502 11375 
33646 56813 46927 46030 41766 
32909 20733 
806 23654 4466 32875 38118 61875 589 58889 24144 
24004 24384 
20020 33681 13705 1268 36278 27230 57277 4751 33405 15106 10163 17214 
58135 364 3849 
8714 11608 
46066 58154 
31806 24966 
62377 51552 58948 
4386 59608 
8468 55458 1796 
5983 9898 12070 
44986 42920 7509 37892 29504 
63403 6891 
37465 47391 
44214 63399 63402 20602 30305 14454 60614 32587 11591 10458 11770 2019 6262 
28876 21437 28108 
48134 56170 51893 
57312 35703 42811 62085 54710 47949 16981 22920 42380 59034 3260 
34920 47981 45165 50019 19397 
5042 38 
15242 1753 
63432 17566 60985 23579 13183 
25637 39606 
42755 31147 
27764 60577 55087 1800 62770 
9058 4405 11549 
36620 61923 
31057 33967 37967 
2457 25386 
37223 14220 
35047 45476 52163 
11551 44320 37616 
35727 30447 25918 17334 13769 10155 
59393 49137 
25994 35170 59896 48702 53201 29603 19718 18988 
18857 10146 
62363 33992 36372 12875 
27460 7894 
26049 23250 
18611 35232 10265 
38353 8076 
28296 24333 16585 
44402 37857 35922 
49477 33101 24084 41704 45279 38668 4845 37301 
51297 51394 48100 34514 
41718 45899 
47720 58413 53010 852 56589 4905 
19965 30546 26481 
17124 36630 
55402 18119 
56225 35778 44357 38842 40422 
39822 42656 45386 
21733 59250 39837 40741 
52807 63556 54786 
32500 53115 
24171 13727 
57134 1114 
31921 27232 
12890 32371 3246 7908 
13 8051 
13583 45347 10999 49386 
57457 50578 
40006 38401 
28509 41212 17347 1277 21029 
43293 55725 
50094 4807 25201 17346 59467 841 63918 45647 54555 58725 32262 53049 
55424 63398 
19199 22065 7806 
23137 27550 
12627 9119 1856 4869 
58687 9837 
49066 38990 62001 58001 40790 
14676 7563 55802 39321 11856 61056 64197 2856 18453 
22188 26110 
30318 40015 
44090 56561 
52634 57091 43503 
6560 11426 53378 
56310 38615 
58021 2186 29895 61335 
6551 58317 538 20657 
59648 57829 47606 
2938 6128 
46628 48945 
63381 51337 
21032 36401 18910 48824 
13843 18541 16351 2609 9809 4711 18951 
49356 58349 
47175 44899 
5930 58303 
46437 54369 41380 18973 51994 
56808 34941 
31828 16724 
36751 40470 45496 
9741 24897 43036 46711 47322 
59825 62901 
11758 32384 
53104 63795 
63377 56581 
24039 19885 
26403 18636 22832 
50717 38349 
54315 41586 49970 
25429 39706 9943 36900 20418 62474 12036 16369 47532 35738 
6754 13223 39172 
37526 34614 
62941 54081 
23976 57396 
7884 2046 12821 63704 60135 
26483 19081 
8744 42893 10959 
64229 20705 11053 
3192 32568 61465 
22305 55586 
58938 7419 
61858 15657 23522 21922 29339 
11543 18176 9079 49260 7307 46905 
63901 53508 
18833 15213 3224 7993 12859 24395 17017 
49869 53148 
4663 12481 
36026 5400 12753 41579 30866 
50014 61263 6033 
6819 61491 
20740 4215 12441 
31902 12732 33639 51313 7301 52960 44119 6805 49946 
32601 30399 39701 11362 
24352 30406 15303 
13129 54010 646 34612 4604 19932 
4262 23440 
62800 49620 9974 9229 
57483 52367 
48888 52718 56940 
25640 63051 21092 
2552 6215 
22163 35537 
5563 57870 
11173 20661 
61763 22174 
46750 35571 
44845 37816 29242 37003 59336 41849 
27651 6741 2617 31822 
5118 11648 9164 
18709 10805 63356 
40077 36999 32843 48192 25913 
60153 55705 47824 43237 40895 48928 
33369 41640 
55539 52613 43371 
25847 17187 29623 47248 
57444 54213 28435 12341 
1829 13593 
54226 51699 
5356 46586 58829 12129 26501 59573 1348 
28437 19278 
23228 19882 
15455 43088 60742 47930 22490 34481 43474 
58009 33793 18752 34274 2730 19951 11264 20501 56999 47851 25978 48814 21223 5072 27684 19231 
16129 30419 
55562 50474 61354 28743 
179 4120 9194 
58759 38215 17247 28733 28365 48750 33044 20792 
61585 63164 
42490 35169 
37571 12568 31855 20974 8226 418 4275 59481 
44836 39817 
57701 102 
35236 7363 27702 
16635 29134 
3289 8018 59948 
4305 29125 
60820 57347 52470 
17397 23672 28522 
10778 1472 19813 61063 37563 20027 
27060 26886 23193 
17780 47501 
35082 61422 
39931 58881 47337 
45616 4559 50695 55008 9182 
50757 11461 
31783 10794 
39947 30233 
48138 33033 40254 44655 
58407 32665 45507 44825 
10483 7424 
15839 15108 
6016 59623 7198 
54367 52988 3953 631 
34130 44696 
42599 38409 
33140 11971 22399 14381 18373 
10778 1472 37563 20027 19813 61063 
40404 45006 28510 35932 
22467 42581 38456 56320 30677 
5315 53192 
7728 51453 50154 20231 17043 46459 31985 26023 
16390 31477 35156 
10333 14936 
48676 15188 
14952 6148 10654 36350 44070 48988 2013 
1237 58067 
23845 7268 16978 11924 19810 
16264 20275 
13359 23955 17198 35137 
54028 53900 49905 
12515 49077 46237 62143 55924 
37839 58117 33407 54772 
28914 54410 
26966 61094 59965 
16722 18376 19304 
21551 18616 
22382 11515 
33332 22325 11802 1660 29255 18409 35980 14240 
10578 6512 11229 
30287 4332 
57866 60672 50109 
12302 19355 6626 
38251 42283 33915 
14778 8468 5659 26321 1796 55458 42751 
57520 19948 
46017 14780 27899 33123 
11963 591 
21618 43906 17474 
9939 927 12240 28636 53022 
51433 57901 60045 
18434 47552 16703 32449 
7904 34744 35053 
12270 9422 
32457 33072 21794 
43981 37777 24023 
45176 51677 53717 
33082 38879 25396 
27615 16931 35060 940 
2050 37261 
61019 8561 59840 3887 
22973 13815 2422 
20140 30753 2830 53486 10635 
30150 34984 31372 38886 38593 
51750 12060 
63843 49771 42478 
21128 22384 27857 
54689 26280 30066 57284 48549 
32760 28892 
55492 9292 15790 
53973 41082 
32137 55481 2202 
31493 58249 
12464 2257 20495 27476 9774 16420 
45693 9426 52285 
24890 27923 30922 
27508 26538 
18777 27054 
26315 753 
34770 24524 
1509 5465 9449 
15320 12989 
13221 17682 
37647 22503 57446 60204 
1580 28116 19786 13754 7012 14775 
50160 27594 45665 
60417 37832 27703 
21649 11596 7819 
32562 22360 27297 53827 
10448 24525 18026 
36952 29268 25504 
43804 41227 
15938 3833 
13121 9099 
49566 9396 42070 
25394 24519 44932 33000 
25684 3280 
35935 61536 15532 
61749 60167 
3234 12772 16853 9000 
21135 2757 31576 
19738 18297 23721 24268 
63011 6275 2187 
24165 18153 28369 
36693 12433 
61590 50359 62840 41701 
39107 53879 43912 
7459 64014 16461 
57875 57484 
52045 54129 
46144 63300 
40496 22890 32323 24324 
56428 43854 43198 58359 55598 51723 52014 
46043 19658 21146 14517 
12443 43727 41598 35628 
34439 16230 56125 41694 
32386 28465 3284 
60230 55136 62996 41263 1097 51471 46435 
7066 10116 
10603 15111 50041 59269 
29191 6020 
180 53506 
49417 7807 
59002 48867 44504 57538 
18319 46474 
36549 57750 36117 46873 51306 3480 19024 7677 
58522 20663 
12985 53592 
10690 15861 
5195 15842 11046 
54631 7103 13440 51769 2914 
62877 57856 
35089 3029 
34282 30817 35470 11508 
63989 26806 
1852 26575 
54978 49441 40718 
50971 55477 7534 
41974 57572 55867 56028 50140 
29989 26465 
55269 51139 59281 
2058 55905 25888 
11043 39413 23544 43980 35364 47683 
24728 29326 
44182 43183 37171 4338 
27978 23897 62836 
45634 41538 
32935 6519 59709 28569 
62873 52129 
12634 46563 8031 
37650 41758 
49402 45199 25318 
31052 47083 22952 20396 
63630 14232 
6409 40801 4615 28867 57650 
8831 13170 
22121 20684 
39230 45395 
2838 101 16132 26813 
9299 16083 20254 25415 
18587 22998 
26246 17518 19152 23293 
7222 9534 
31257 41396 52022 
742 55862 63430 
27781 31743 18328 37872 3228 
24185 31531 
13722 16187 
7025 55173 
39072 35680 25173 
25635 15100 62371 
2528 6187 
44644 54548 
24884 18107 
23389 30790 16294 
47310 31841 
38387 32699 7041 
36988 52195 
59808 58526 22136 
36053 23081 32114 
28385 20626 34609 22420 16923 
59088 62210 15730 
36546 40678 
39602 36246 
15365 34204 47367 511 
32455 19626 23913 28916 
11111 36567 43943 
11638 40832 
36815 52746 54759 63610 
31456 34889 46138 41327 
55113 8019 
9561 15344 
9951 49730 44526 60308 52362 23257 
57240 43129 57628 
38497 47856 38582 
19614 15295 
54001 38275 
28177 24035 35139 
44376 35230 57831 
5221 593 
35562 46657 
46128 41345 
29289 43717 
56291 52647 64062 
19496 12268 3179 37045 41647 33199 29313 
59625 63844 
40043 45618 50138 
13005 2177 
49704 11605 26082 
13508 35311 39809 23586 
22948 25622 
63417 16511 58055 21763 
23312 21623 26732 
32403 16604 
57486 53513 
35580 47735 46937 
59346 23661 
1181 5651 
27387 47845 
561 14104 10479 
19513 24472 
1322 24348 
63962 52336 
33050 38121 
42976 16443 14957 
12503 42139 
35102 49290 63856 55931 6440 
45518 20583 61438 
31493 58249 
58877 31199 
12042 63037 1530 49264 45270 
7934 11556 
46287 50346 
21558 21423 16748 
40778 11446 34418 
29836 45306 57725 
52572 25820 
10170 43577 20120 48058 
14974 17320 9343 
61391 57340 36873 
4263 256 
1440 7117 
10195 1302 
5579 1303 
31666 27035 
47641 41909 35294 
51847 50731 
54333 59348 
40758 14081 
8133 15627 14915 
15125 5535 
58874 8168 
64228 51759 
22338 17238 
48190 42166 
34798 35609 
18266 16068 28909 
60244 62565 35151 
12072 16146 
47874 43934 35418 
45844 41163 
12926 300 
23262 36711 
45999 36845 
38268 33453 
62296 53580 
56460 33161 43955 
38660 54263 
12603 3113 5091 
24684 27652 
7089 25298 
58383 56645 
45324 9108 56790 
21128 22384 27857 
22516 27412 
44179 32514 
6381 10872 
62072 40898 43941 19269 
34346 31401 
27018 18559 17714 
31327 32161 
26184 22118 
29283 29155 
52389 26789 
46369 21004 63194 
17718 20578 24530 
53867 38337 
49818 32736 
27412 22516 
39433 61658 
31582 38638 32065 8719 
14219 45880 3553 
39221 44277 35608 6080 
12007 56218 9731 
29506 5146 
50696 6091 2361 
10796 12256 802 
8310 16087 20209 
8257 19182 
49524 51853 47068 
40215 60443 
27661 31696 
17713 28539 9805 13037 
58784 16147 27110 18854 
44036 49974 
26143 50828 
26626 42187 
57624 49781 
29640 43881 
32571 23825 
52054 8345 
11640 51929 53359 
44385 37729 42537 6494 45980 
23625 32480 
51633 1506 54340 45010 
31277 57132 61251 
16627 46550 10247 59995 
2081 25924 
23616 39813 
21028 59482 
18655 30507 
46581 12969 
37960 7797 
18976 22614 46665 
18275 59374 
7552 14651 
4247 35883 
60281 29469 
23040 39365 
14310 3542 
15066 5616 
28206 28716 
14348 16431 
28180 52870 16366 49500 
6353 52156 15204 
4810 46512 
17874 17435 
56116 41455 
23725 16558 
50112 61588 59069 
16666 27129 35208 40579 
48642 39708 
62614 45777 2325 
13877 21803 
47993 17149 63526 
23981 27624 
35388 43629 
31981 31853 
63877 6469 
62213 49030 59013 
45049 48916 51737 35567 
59656 7094 63669 
5296 2329 5597 
45096 46319 
59029 6742 45289 
18800 58907 24369 
61565 21929 
27511 28534 31678 39305 21296 
59823 49763 26884 
63778 48207 13443 61959 
52945 42489 7074 
22014 16055 
49622 46275 
13736 22134 10769 
9014 36461 
54521 61239 40509 36901 60537 
1001 30996 31972 5403 
34304 23490 
56025 59806 
32033 52741 55244 
24184 31637 
22840 16155 
44136 47746 
56201 11308 
52075 57363 
16205 53122 
10226 13804 
50961 62663 60457 5795 
18615 28740 10856 
61559 57310 15095 6647 
241 9352 53270 19889 
42290 63947 
41954 36969 40781 
46857 35543 
18278 24786 
58033 11925 
11329 7179 
28957 19053 32654 
43229 39347 48370 
60387 52989 56662 
27822 54929 
19441 50459 
7492 3272 39437 38950 
43833 38487 
50114 59253 
62389 24468 
36184 61804 
45723 1899 
31020 53468 
15454 29897 
38352 1922 42485 
28005 32580 64008 
17864 62801 25703 
27283 37544 27506 
56306 52277 
40332 41395 58016 41055 28404 
38552 15073 10145 15249 50488 
24481 32720 
39884 3682 5885 
38678 47893 
46354 14781 
37539 63951 
63031 53996 
53691 64023 46206 
5103 33730 
30352 30949 
10258 13809 
40716 14305 
61432 29354 
13482 11574 30836 50869 
16386 39063 
5948 55462 
62619 41656 
2380 49534 9557 
50197 53433 40275 
42297 34199 
53044 51528 
50680 62562 
11908 16964 
63261 59732 
20985 27395 
23939 21476 
46056 49535 
52089 55552 
28935 32495 
18609 21552 2319 40251 30340 
37918 39881 
1621 5251 
55562 61354 28743 50474 
43168 62171 
27555 27004 
10998 2271 52668 
44464 54376 50448 61162 
43264 59561 39677 
58307 60954 37102 
24291 32788 
8852 26155 
63337 39034 
54057 12211 42082 
20916 25352 24855 
26148 21547 16971 26725 
350 61661 
480 61796 5033 
34105 62942 
51754 53255 
3615 20458 
35144 57513 
41374 46130 
53442 41841 
10617 7093 1848 
18404 21312 
36713 45419 
49300 51804 
40341 56141 
12975 28054 
9413 56580 
48189 44956 
845 7491 
26006 13461 
62038 8016 3477 39188 
50362 30928 
36685 39490 
52451 60866 49104 
43317 47173 34054 
37898 64017 
38105 37306 63584 
54044 56511 35523 
24729 18388 
7044 11181 
23930 17201 
28232 38081 56082 59287 55149 37447 
42086 43586 52063 
50420 36034 24050 
23134 33455 
25603 23749 
12171 408 
3762 32840 43549 
31478 17250 2892 
60231 38767 6975 
32554 25522 
46964 8265 
32523 19060 
12010 60746 
45958 41774 
6838 15238 
58870 46568 
36023 41516 36513 
25318 32605 18987 
9631 20550 
38377 7292 
36435 34718 
3750 61220 
37413 41806 45401 
10738 15940 
3408 13782 19504 
54174 7729 
2121 5337 
24558 19863 
7285 60436 
37770 28958 
31289 28335 
61006 59925 
35418 43934 47874 
23476 57154 
12433 36693 
53947 56694 
6775 3121 
42325 8255 
11886 16714 17079 
7582 10488 
46433 62246 
36727 29113 
16909 23684 
9843 43263 
27081 25781 
38749 11537 
18476 24092 
384 13051 
12346 608 
64195 53218 
30616 23070 
1739 63271 
108 58868 
40502 36218 
43215 42946 
38927 43607 
40665 24271 
11556 7934 
26840 32550 
27585 932 23049 
50973 43907 
14799 1045 5320 
34793 57260 
42513 59546 
21047 53129 
10606 47917 
11036 28322 
55388 44759 
28931 47584 60744 
58264 56232 
31430 39984 
43366 37072 
45850 57889 
54693 12896 
23449 23226 
1887 26545 
28546 40590 
47498 34865 
